1: 65 86 24 48 33 38 59 67 76 43 78 2
2: 55 15 16 14 63 65 94 48 8 54 31 93 10 17 36 100 47 81 6 67 98 58
3: 23 7 83 34 18 81 71 39 51 6 42 82 9 49 85 25 66 69 79 46 4
4: 56 77 87 19 89 26 29 46 76 53 54 9 20 11 64 31 45 96 48 59 34 44 61 13
5: 1 50 34 46 2 87 94 3 26 13
6: 60 96 70 32 85 58 90 19 5 52 57 36 87 81
7: 31 57 43 47 1 51 44 14 23 28 74 84 40 63 17 46 27 100 68 39 12 36
8: 88 59 95 50 40 56 89 100 92 86 66 72 85 4
9: 28 61 43 76 62 10 60 39 54 3 59 15
10: 51 20 55 94 64 7 78 36
11: 69 80 84 70 10 94 28 87 9 15 34 5 68 66 40 21 98 22 7 38 71
12: 93 38 9 58 22 76 92 45 89 64 77 32 83 59 70 96 81 36 100 95 5 62 46 16 19 40 51 80
13: 83 95 91 1 65 67 68 54 77 41 52 55 86 11 33 28 14 76 72 46 21 98 36 99 51 50 92
14: 85 20 27 26 65 60 2 77 52 91 66 44 9 74 24 88 92 37 25 29
15: 98 41 17 65 63 92 50 90 7 79 10 70 35 20 93 47 51 32 6
16: 1 24 97 40 72 74 68 56 93 46 81 42 85 79 54 64 30 27 95 92 88 20 7 23 70 65 41 17 51
17: 26 35 32 7 91 41 77 81 57 90 96 43 19 49 30 20
18: 58 70 91 38 89 72 25 99 60 57 87 83 30 16 45 56 76
19: 5 93 58 50 60 12
20: 92 66 48 64 93 30 45 60 85 62 32
21: 63 95 64 67 45 73 26 53 62 38 35 30 15 70 31 51 12 14 54 52
22: 34 20 50 77 72 31 2 87 94 8 66 73 38 80 55 15 27 6 4 53 97 58 86 40 69 84
23: 76 12 24 13 100 67 30 98
24: 38 21 73 43 11 67 52 92 58 34
25: 72 54 52 91 76 99 4 95 67 31 63 34 83 70 9 77 20 73 65 96 6 88 71 23 89 32
26: 9 4 81 19 79 20 12 31 10 98 21 22 24 89 48
27: 100 12 57 55 29 87 34 49 38 15 35 54
28: 46 74 76 47 77 58 80 54 34 66 78 70 98 100
29: 89 76 58 12 37 63 62
30: 22 57 54 38 26 34
31: 72 51 85 98 89 65 91 35 9 3 82 41 73 79 25 97 7 20 11 6
32: 34 8 7 74 49 41 27 47 100 67 38 69 73 15
33: 12 46 13 49 48 77 5 15 64 11 44 95 50 1 36 35 58 40 81 20 16 66 14 52 23 89 22 51
34: 59 35 48 7 97 9 73 52 62 80 14 27
35: 49 74 87 14 99 8 45 69 32 19 11 63 28 58 43 36 16 76 64 80 52 20 94 100 46 78 9 27
36: 89 59 83 44 66 30 87 42 34 71 12 50 16 92 37 1 31 97 7 4 28 46 86
37: 46 81 73 27 34 83 40 51 19 76
38: 99 94 73 59 72 17 49 53 56 83 8 100 30 62 58 78 93 31 89
39: 93 42 94 85 68 47
40: 4 42 36 32 82 72 85 19 29 74 93 18 11 49 96 100 62 31 69 60 88 53 68
41: 62 16 98 69 10 50 75 7 37 93 18 54 89 83 96 22 97 28 90 32 24 11 33 61
42: 28 56 86 32 3 78 88 29 14
43: 61 15 69 40 16 12 87 20 31 41 54 36 22 13 84 50 64 33 76 70 96 48 77 23 46 55 86 59
44: 59 2 36 100 27 74 81 93
45: 89 33 54 22 37 12 73 50 48 18 32 30 2
46: 60 9 55 93 89 98 21 27 67 53 73 78 72 13 19 71 69 31 1 97 3 22 82
47: 18 37 99 89 51 1 10 71 50 20 36 23 41 83 72 64 2 26 11 49 34 54 3 77
48: 64 8 26 66 59 21 10 82 33 91 30 93 36 1 77 69 13 52 6 68 5 17 96 99 84 73 72 23 86
49: 7 72 26 48 70 14 24 46 19 22 18 44 21 4 30 54 76 84 65 95 31 55 39
50: 10 33 84 52 73 37 81 65 15 4 38 68 85 18 78 2 99 82 87 1 44 41 91 19 74 43
51: 81 32 64 13 4 92 7 36 67 3 91 33 45 58 41
52: 13 22 47 93 25 38 95 96 97 16 5 85 100
53: 11 6 86 18 1 67 28 57 76 32 14 49 30 51 47 80 13 43 65 75
54: 61 80 75 20 82 12 27 59 15 33 28 71 5 44 25 10
55: 94 81 28 60 21 59 85
56: 54 84 46 26 41 4 42 16 81
57: 3 97 85 11 44 5 45 41 23 83 2 96 72 43 80 30 22 13 79 61
58: 92 32 89 97 7 48 52 80 5 75 71 36 61 77 9 44 31
59: 80 40 11 87 17 28 9 38 92 22 14 41 58 23 5 86 88 96 8 72
60: 96 74 54 82 46 30 76 69 92 48
61: 6 8 60 55 53
62: 80 18 93 24 81
63: 99 2 43 83 41 57 71 47
64: 9 55 41 90 16 83 2 17 97 98 51 93 54 27 53 88 46 96 14 100 82 35 60
65: 60 41 79 81 2 56 96 22 53 24 44 9 25 6
66: 94 36 49 68 90 35 29 71 91 41 33 67 76 6 37 64 27 89 98 58 88 48 34 83
67: 79 30 51 88 18 27 4 37 44 29 89 47 59 85 20 31 87
68: 83 55 54 26 27 62 77 53 63 48 47 16 79 81 72 22 98
69: 94 65 39 75 16 50 19 83 33 88 27
70: 26 12 27 35 90 49 91 79 2 68 77 96 36 9 71 84 85 42 82 56 17 20 86 50 60 46 53 4
71: 25 88 59 6 80
72: 92 7 2 31 67 53 56 93 85 21 4 79
73: 86 91 50 31 64 2 24 4 37 47 52 58 40 95 90 19 61 42 44 55 6 80
74: 20 94 63 31 48 96 97 90 36 47 99 41 49 65 100 52 70 43 30 25 28 39 21 80
75: 14 63 46 18 15 44 36 38 96 16 30 4 95 56 83 70 39 61 28 12
76: 41 22 37 47 86 87 8 21 85 72 77 62 97 63 28
77: 8 34 6 26 92 98 22 49 84 59 96 2 12 27 43 81 23 99 39 37 93
78: 53 34 4 15 6 24 12 65 13 80 71 39 54 95 97 89 35 48 40 8 31
79: 98 34 17 58 13 22 42 37 83 32 77 5
80: 47 18 85 10 45 58 54 79 48 68 99 88 100 52 44 94
81: 26 65 86 100 23 7 53 61 88 31
82: 27 74 25 91 31 53 37 49 89 68 78
83: 89 7 87 1 74 12 48 26 77 58 8 9 30 95 90 39 31 64 37 97 81 100 2 17 96 72 69 15 42 65
84: 13 12 45 74 76 50 87 35 92 8 78 41 90 72 32 68 14 20 54 98 46 82 36 63 47 100 99 26 5
85: 34 69 87 13 8 75 52 88
86: 98 78 63 2 33 71 15 95 100 32 75 20
87: 20 35 1 84 59 89 96 25 97 39 83 85 43 2 32 26 7 98 44 64 93 28
88: 38 57 58 92 74 83 69 46 32 26 28 61 21 81 14 67 43 20
89: 31 5 48 51 55 80 10 82 12 64 22 92 85 28 34 73 45 54 74 3 18 17 26 94 2 24 83
90: 98 51 67 34 64 46 87 100 24 86 40
91: 68 96 88 3 57 49 93 9 35 12 20 40 19 51 46 64 5 47 31 92 7 23 61 32 99 73 82 2 78
92: 2 10 39 32 43 11 100 56 77 22 49 69 57 78 48 17
93: 83 67 98 96 31 69 35 68 95 18 9 53 27 90
94: 78 39 59 62 11 88
95: 73 83 35 85 57 3 8 6 68 44 41 11 46 42 86 4 38 28 48 13 29 76 55 1 89 47 10 18 20 16
96: 12 31 4 64 94 61 59 51 41 71 89 60 97 7 79 32 62 50 23 70 10 93 57 80
97: 57 41 53 43 45 80 15 22 64 44 34 4 71
98: 96 78 8 100 63 46 14 49 54 80 9 18 50 86 43 38 20 83 32 44
99: 10 68 24 42 96 54 100 58 26 87 62 56
100: 22 13 14 41 16 49 87 85 56 62 7 29 80 66 81 60
